//c - 점
2 2 5 5 0 5 2 7
2 2 5 5 5 5 6 6 
2 2 5 5 5 0 6 2
2 2 5 5 0 0 2 2 
0 5 2 7 2 2 5 5
5 5 6 6 2 2 5 5 
5 0 6 2 2 2 5 5
0 0 2 2 2 2 5 5 


//b - 선분

//딱 맞을 때
2 2 5 5 0 2 2 5
2 2 5 5 2 5 5 7
2 2 5 5 5 2 6 5
2 2 5 5 2 0 5 2
0 2 2 5 2 2 5 5 
2 5 5 7 2 2 5 5 
5 2 6 5 2 2 5 5 
2 0 5 2 2 2 5 5 

//한쪽만 튀어나올때
2 2 5 5 0 2 2 6
2 2 5 5 2 5 6 7
2 2 5 5 5 0 6 5
2 2 5 5 2 0 6 2
0 2 2 6 2 2 5 5 
2 5 6 7 2 2 5 5 
5 0 6 5 2 2 5 5 
2 0 6 2 2 2 5 5 

//둘다 튀어나갈때
2 2 5 5 0 1 2 6
2 2 5 5 1 5 6 7
2 2 5 5 5 0 6 7
2 2 5 5 1 0 6 2
0 1 2 6 2 2 5 5 
1 5 6 7 2 2 5 5 
5 0 6 7 2 2 5 5 
1 0 6 2 2 2 5 5 

//둘다 안튀어나갈때
2 2 5 5 0 3 2 4
2 2 5 5 3 5 4 7
2 2 5 5 5 3 6 4
2 2 5 5 3 0 4 2
0 3 2 4 2 2 5 5 
3 5 4 7 2 2 5 5 
5 0 6 7 2 2 5 5 
3 0 4 2 2 2 5 5 



























